MapData
{
	Count{4}
    Name{level_1}
	Size{7,7}
    Map
	{
		(0,0,2,2,2,0,0),
        (0,0,0,0,0,0,0),
        (2,0,1,1,1,0,2),
        (2,0,1,1,1,0,2),
        (2,0,1,1,1,0,2),
        (0,0,0,0,0,0,0),
        (0,0,2,2,2,0,0)
	}
	Direction
	{
		[(1,0),(1,0),(1,0)]
		[(0,-1),(0,-1),(0,-1)]
		[(0,1),(0,1),(0,1)]
		[(-1,0),(-1,0),(-1,0)]
	}
	Group
	{
		[(1,3),(1,4),(1,5)]
		[(3,7),(4,7),(5,7)]
		[(3,1),(4,1),(5,1)]
		[(7,3),(7,4),(7,5)]
	}
	Name{level_2}
	Size{7,9}
	Map
	{
		(0,2,0,0,2,0,0,2,0),
        (0,0,0,0,0,0,0,0,0),
        (0,0,0,1,1,1,0,0,0),
        (2,0,1,0,1,0,1,0,2),
        (0,0,0,1,1,1,0,0,0),
        (0,0,0,0,0,0,0,0,0),
        (0,2,0,0,2,0,0,2,0)
	}
	Direction
	{
		[(1,0),(0.7,0.7),(0.7,-0.7)]
		[(0,1),(0,-1)]
		[(-0.7,0.7),(-0.7,-0.7),(-1,0)]
	}
	Group
	{
		[(1,4),(2,1),(2,7)]
		[(5,1),(5,7)]
		[(8,1),(8,7),(9,4)]
	}
	Name{level_3}
	Size{8,9}
	Map
	{
		(0,0,0,0,1,0,0,0,2),
		(0,0,0,0,1,0,0,0,0),
		(2,0,0,0,1,1,1,0,0),
		(0,0,0,1,1,1,0,0,2),
		(2,0,1,1,1,0,0,0,0),
		(0,0,0,0,1,0,0,0,0),
		(0,0,0,0,0,0,0,0,0),
		(0,0,0,0,2,0,0,0,0)
	}
	Direction
	{
		[(1,0),(1,0)]
		[(0,1)]
		[(-1,0),(-0.7,-0.7)]
	}
	Group
	{
		[(1,4),(1,6)]
		[(5,1)]
		[(9,5),(9,8)]
	}
	Name{level_4}
	Size{6,8}
	Map
	{
		(0,1,0,2,0,2,0,1),
		(0,0,1,0,1,0,1,0),
		(2,1,0,1,1,1,0,1),
		(0,0,1,0,1,0,1,0),
		(0,0,0,2,0,2,0,0),
		(0,0,0,0,2,0,0,0)
	}
	Direction
	{
		[(1,0)]
		[(0,1),(0.7,0.7),(-0.7,0.7)]
		[(0.7,-0.7),(-0.7,-0.7)]
	}
	Group
	{
		[(1,4)]
		[(5,1),(4,2),(6,2)]
		[(4,6),(6,6)]
	}
}